64
416
418
66
65
483
484
66
64
553
555
66
65
619
620
66
66
687
687
66
65
759
760
66
66
827
827
66
64
900
902
66
66
932
932
66
66
2
2
66
66
73
73
66
61
145
150
66
66
187
187
66
66
215
215
66
65
252
253
66
65
287
288
66
66
318
318
66
65
352
353
66
65
386
387
66
65
421
422
66
66
456
456
66
66
490
490
66
66
524
524
66
65
558
559
66
66
601
601
66
66
638
638
66
65
667
668
66
66
698
698
66
65
734
735
66
65
768
769
66
66
801
801
66
65
840
841
66
65
870
871
66
66
904
904
66
66
939
939
66
65
974
975
66
65
6
7
66
65
42
43
66
65
102
103
66
65
108
109
66
65
142
143
66
66
177
177
66
65
211
212
66
65
247
248
66
65
281
282
66
65
315
316
66
66
351
351
66
65
368
369
66
62
439
443
66
65
506
507
66
65
576
577
66
65
612
613
66
65
646
647
66
65
682
683
66
65
715
716
66
65
776
777
66
65
791
792
66
66
823
823
66
65
857
858
66
66
892
892
66
65
927
928
66
66
966
966
66
65
998
999
66
65
45
46
66
66
66
66
66
65
102
103
66
65
133
134
66
65
167
168
66
65
201
202
66
66
238
238
66
66
272
272
66
65
306
307
66
65
341
342
66
65
376
377
66
66
411
411
66
65
434
435
66
65
505
506
66
65
575
576
66
65
646
647
66
65
686
687
66
65
721
722
66
65
757
758
66
65
791
792
66
65
825
826
66
65
859
860
66
66
893
893
66
65
929
930
66
65
963
964
66
65
997
998
66
66
17
17
66
66
89
89
66
66
158
158
66
65
227
228
66
65
282
283
66
66
308
308
66
65
342
343
66
65
378
379
66
65
411
412
66
66
447
447
66
65
481
482
66
65
514
515
66
62
548
552
66
62
581
585
66
65
616
617
66
65
651
652
66
66
686
686
66
66
721
721
66
66
755
755
66
65
789
790
66
65
824
825
66
66
859
859
66
65
898
899
66
66
929
929
66
66
965
965
66
66
996
996
66
65
29
30
66
66
63
63
66
61
98
103
66
66
134
134
66
65
169
170
66
66
204
204
66
65
238
239
66
65
277
278
66
65
308
309
66
65
351
352
66
65
376
377
66
66
411
411
66
64
452
454
66
65
481
482
66
65
515
516
66
65
548
549
66
64
590
592
66
65
617
618
66
65
653
654
66
65
687
688
66
66
722
722
66
65
756
757
66
66
792
792
66
66
827
827
66
66
864
864
66
66
898
898
66
64
969
971
66
65
10
11
66
66
82
82
66
65
144
145
66
66
215
215
66
65
285
286
66
65
353
354
66
65
397
398
66
65
433
434
66
65
466
467
66
65
499
500
66
65
533
534
66
65
571
572
66
65
603
604
66
66
639
639
66
65
673
674
66
66
705
705
66
65
741
742
66
66
775
775
66
65
808
809
66
65
844
845
66
65
879
880
66
66
914
914
66
66
948
948
66
65
981
982
66
66
15
15
66
64
49
51
66
65
85
86
66
65
118
119
66
65
155
156
66
65
193
194
66
65
227
228
66
66
264
264
66
65
297
298
66
65
330
331
66
64
371
373
66
64
402
404
66
62
441
445
66
62
474
478
66
65
510
511
66
61
550
555
66
65
573
574
66
66
607
607
66
66
643
643
66
65
676
677
66
65
714
715
66
65
748
749
66
65
781
782
66
65
814
815
66
65
849
850
66
64
885
887
66
65
922
923
66
65
959
960
66
65
993
994
66
65
25
26
66
66
60
60
66
65
99
100
66
65
133
134
66
65
166
167
66
65
209
210
66
65
230
231
66
66
264
264
66
66
298
298
66
66
334
334
66
64
371
373
66
66
406
406
66
65
442
443
66
65
477
478
66
66
512
512
66
65
547
548
66
65
581
582
66
65
615
616
66
65
649
650
66
65
683
684
66
65
718
719
66
64
751
753
66
65
791
792
66
66
821
821
66
65
856
857
66
65
890
891
66
65
924
925
66
66
932
932
66
66
4
4
66
63
76
79
66
65
146
147
66
65
182
183
66
65
216
217
66
65
249
250
66
65
284
285
66
65
319
320
66
65
359
360
66
64
390
392
66
65
424
425
66
66
457
457
66
65
491
492
66
65
528
529
66
65
571
572
66
65
598
599
66
65
634
635
66
65
665
666
66
65
698
699
66
65
731
732
66
65
765
766
66
66
807
807
66
66
833
833
66
66
868
868
66
66
904
904
66
66
937
937
66
64
971
973
66
65
6
7
66
65
42
43
66
65
76
77
66
65
110
111
66
64
145
147
66
65
180
181
66
66
214
214
66
65
253
254
66
65
281
282
66
65
316
317
66
65
351
352
66
63
386
389
66
65
421
422
66
65
462
463
66
66
492
492
66
66
525
525
66
65
563
564
66
65
610
611
66
66
629
629
66
65
662
663
66
66
696
696
66
65
730
731
66
65
764
765
66
65
807
808
66
65
836
837
66
65
874
875
66
66
905
905
66
65
939
940
66
66
976
976
66
65
10
11
66
65
47
48
66
65
80
81
66
65
113
114
66
65
148
149
66
66
183
183
66
65
217
218
66
65
251
252
66
65
289
290
66
66
319
319
66
66
353
353
66
65
394
395
66
65
422
423
66
65
458
459
66
65
493
494
66
65
527
528
66
64
570
572
66
66
598
598
66
65
631
632
66
65
665
666
66
66
699
699
66
65
733
734
66
66
768
768
66
65
804
805
66
65
875
876
66
